108 112
112 51
112 101
101 83
112 102
102 100
100 53
102 103
103 0
103 57
108 109
109 115
115 116
116 25
116 20
115 84
115 5
115 94
109 119
119 68
109 120
120 17
120 12
120 159
159 76
159 37
109 121
121 41
109 122
122 40
122 22
122 87
122 86
122 39
109 123
123 69
123 135
135 8
135 161
161 81
161 90
161 13
135 156
156 48
156 89
156 58
135 113
113 85
109 124
124 16
124 28
124 61
124 151
151 9
151 10
108 110
110 129
129 132
132 136
136 96
136 56
136 59
136 52
136 47
132 33
129 133
133 131
131 62
131 82
131 54
133 92
133 70
110 130
130 141
141 104
104 105
105 154
154 153
153 32
154 127
127 1
127 91
105 139
139 73
139 67
104 106
106 72
106 117
106 55
117 30
117 95
141 145
145 152
152 27
152 44
152 29
152 78
145 138
138 93
141 144
144 128
128 65
144 137
137 19
137 15
144 107
107 80
107 50
107 4
107 36
107 63
144 147
147 148
148 66
147 114
114 75
147 3
147 140
140 97
140 34
147 125
125 88
125 42
125 43
144 149
149 21
144 158
158 74
144 126
126 31
141 142
142 160
160 162
162 26
162 45
160 157
157 24
157 146
146 18
146 14
157 6
157 7
160 79
142 99
142 77
141 143
143 155
155 64
155 38
130 150
150 2
150 118
118 35
118 11
150 134
134 98
134 46
108 111
111 49
111 60
111 71
111 23